nep4 2 C O 
cutoff 4 3 3 3
n_max 1 1
basis_size 1 1
l_max 2 0 0 
ANN 4 0
  2.6575960e-03
  4.7922038e-02
  9.1844119e-02
  1.1716081e-01
  1.1841892e-01
  1.0924333e-01
  7.8293175e-02
  3.4911811e-02
 -1.9980479e-02
 -6.6288099e-02
 -9.9326544e-02
 -1.2173042e-01
 -1.1853587e-01
 -9.5534861e-02
 -5.8705356e-02
 -1.2939706e-02
  3.2293528e-02
  7.6349311e-02
  1.0810700e-01
  1.1995514e-01
  1.1299106e-01
  8.3719835e-02
  4.5457311e-02
 -4.7126657e-04
 -5.3310573e-02
 -8.9681126e-02
 -1.0724770e-01
 -1.2045091e-01
 -6.8405971e-02
 -4.2786330e-02
 -2.1061374e-02
  9.4179455e-03
  6.0982797e-02
  9.6493430e-02
  1.1339475e-01
  1.1755867e-01
  9.5039144e-02
  5.5827528e-02
  1.8433044e-02
 -3.5306256e-02
 -7.7242114e-02
 -1.0956617e-01
 -1.3019836e-01
 -1.1380955e-01
 -8.5695699e-02
 -4.1532528e-02
 -1.2129506e-03
  5.1902134e-02
  8.9708298e-02
  1.1251139e-01
  1.1646933e-01
  1.0826378e-01
  7.4319884e-02
  3.2579787e-02
 -1.6795842e-02
 -6.1828233e-02
 -1.0400952e-01
 -1.1285722e-01
 -1.1741120e-01
 -9.6104510e-02
 -3.6841612e-02
 -9.1797635e-03
  2.0303052e-02
  4.3773849e-02
  1.0857976e-01
  1.4883450e-01
  1.7455168e-01
  1.8973513e-01
  1.8237779e-01
  1.5277223e-01
  1.8312211e-01
  1.8747957e-01
  1.7750253e-01
  1.6516063e-01
  1.8587589e-01
  1.9470982e-01
  1.7531236e-01
  1.7863342e-01
  1.8956932e-01
  1.8519016e-01
  1.7097963e-01
  1.6602285e-01
  1.3546580e-01
  1.1252085e-01
  1.0778742e-01
  1.5849893e-01
  1.3544598e-01
  1.1088745e-01
  1.1236233e-01
  1.5692592e-01
  1.2150569e-01
  1.1674267e-01
  1.1064871e-01
  1.4237735e-01
  1.1834560e-01
  1.0877500e-01
  1.1588577e-01
  1.0000000e+00
  1.0000000e+00
  1.0000000e+00
  1.0000000e+00
  1.0000000e+00
  1.0000000e+00
